order,cross_entropy
220,20.020886658267752
