order,cross_entropy
522,10.584097954476144
